+41212130911
+41213111285
+41213112704
+41213119757
+41213175602
+41213175617
+41213175619
+41213175676
+41213210594
+41213312872
+41213312875
+41213500000
+41213568544
+41213568611
+41213568622
+41213568641
+41213568650
+41215030004
+41215030013
+41215030016
+41215030020
+41215030021
+41215030026
+41215030028
+41215030029
+41215030034
+41215030044
+41215030064
+41215030075
+41215031660
+41215031678
+41215032033
+41215032037
+41215032044
+41215032045
+41215032048
+41215032049
+41215050162
+41215080178
+41215087760
+41215087764
+41215087765
+41215102423
+41215102424
+41215104903
+41215104904
+41215104913
+41215104914
+41215104928
+41215104929
+41215104931
+41215104934
+41215104941
+41215104947
+41215124024
+41215124236
+41215124820
+41215124827
+41215137706
+41215201352
+41215201373
+41215201490
+41215201491
+41215201629
+41215201630
+41215201640
+41215201641
+41215201644
+41215201649
+41215201670
+41215201696
+41215208701
+41215208702
+41215208703
+41215208704
+41215208706
+41215208707
+41215208708
+41215208709
+41215208710
+41215208713
+41215208714
+41215208715
+41215208719
+41215209621
+41215307077
+41215391259
+41215391336
+41215441035
+41215441039
+41215443510
+41215443515
+41215444999
+41215458241
+41215459841
+41215467223
+41215520062
+41215520432
+41215522713
+41215523007
+41215523029
+41215523052
+41215523054
+41215523074
+41215523323
+41215523349
+41215526137
+41215526484
+41215526486
+41215526494
+41215526587
+41215526589
+41215526592
+41215526718
+41215527760
+41215527762
+41215531125
+41215531140
+41215531148
+41215531181
+41215531200
+41215531215
+41215531218
+41215531223
+41215531229
+41215531234
+41215531245
+41215531250
+41215531255
+41215531265
+41215531274
+41215531280
+41215531284
+41215552780
+41215552781
+41215552783
+41215555601
+41215555606
+41215555615
+41215555617
+41215555619
+41215555623
+41215555631
+41215555638
+41215555644
+41215555650
+41215555662
+41215555677
+41215555681
+41215555683
+41215555688
+41215555689
+41215555692
+41215556051
+41215557121
+41215557126
+41215557160
+41215557180
+41215557182
+41215557196
+41215561183
+41215561311
+41215600730
+41215605121
+41215606135
+41215607162
+41215607163
+41215607165
+41215607166
+41215607168
+41215607169
+41215607640
+41215607641
+41215607642
+41215607643
+41215607646
+41215607647
+41215607649
+41215608123
+41215608125
+41215608126
+41215608127
+41215608128
+41215608129
+41215608130
+41215608135
+41215608136
+41215608137
+41215608138
+41215608150
+41215608155
+41215608156
+41215608158
+41215608159
+41215608181
+41215608183
+41215608187
+41215608188
+41215608280
+41215608281
+41215608282
+41215608283
+41215608284
+41215608285
+41215608286
+41215608287
+41215608288
+41215608289
+41215608291
+41215608292
+41215608293
+41215608294
+41215608295
+41215608296
+41215608297
+41215608299
+41215608300
+41215608301
+41215608302
+41215608303
+41215608304
+41215608305
+41215608306
+41215608307
+41215608308
+41215608309
+41215608310
+41215608311
+41215608312
+41215608313
+41215608314
+41215608315
+41215608316
+41215608317
+41215608318
+41215608319
+41215608320
+41215608321
+41215608322
+41215608323
+41215608324
+41215608325
+41215608326
+41215608327
+41215608328
+41215608329
+41215608330
+41215608331
+41215608332
+41215608333
+41215608334
+41215608335
+41215608336
+41215608337
+41215608338
+41215608339
+41215608340
+41215608341
+41215608342
+41215608343
+41215608344
+41215608345
+41215608346
+41215608347
+41215608348
+41215608349
+41215608350
+41215608351
+41215608352
+41215608353
+41215608354
+41215608356
+41215608357
+41215608358
+41215608359
+41215608360
+41215608361
+41215608362
+41215608363
+41215608364
+41215608365
+41215608366
+41215608367
+41215608368
+41215608369
+41215608370
+41215608371
+41215608372
+41215608373
+41215608374
+41215608375
+41215608376
+41215608377
+41215608378
+41215608379
+41215608620
+41215608621
+41215608622
+41215608623
+41215608624
+41215608625
+41215608626
+41215608627
+41215608628
+41215608629
+41215608630
+41215608631
+41215608632
+41215608633
+41215608634
+41215608635
+41215608636
+41215608637
+41215608638
+41215608639
+41215608640
+41215608641
+41215608642
+41215608643
+41215608644
+41215608645
+41215608646
+41215608647
+41215608648
+41215608649
+41215608650
+41215608651
+41215608652
+41215608653
+41215608654
+41215608655
+41215608656
+41215608657
+41215608658
+41215608659
+41215608660
+41215608661
+41215608662
+41215608663
+41215608664
+41215608665
+41215608666
+41215608667
+41215608668
+41215608669
+41215608670
+41215608671
+41215608672
+41215608673
+41215608674
+41215608675
+41215608676
+41215608677
+41215608678
+41215608679
+41215608680
+41215608681
+41215608682
+41215608683
+41215608684
+41215608685
+41215608686
+41215608687
+41215608688
+41215608689
+41215608690
+41215608691
+41215608692
+41215608693
+41215608694
+41215608695
+41215608696
+41215608697
+41215608698
+41215608699
+41215608700
+41215608701
+41215608702
+41215608703
+41215608704
+41215608705
+41215608706
+41215608707
+41215608790
+41215608791
+41215608792
+41215608793
+41215608794
+41215608795
+41215608796
+41215608797
+41215608798
+41215608799
+41215608800
+41215608801
+41215608802
+41215608803
+41215608804
+41215608805
+41215608806
+41215608807
+41215608808
+41215608809
+41215608810
+41215608811
+41215608812
+41215608813
+41215608814
+41215608815
+41215608816
+41215608817
+41215608818
+41215608819
+41215608820
+41215608821
+41215608822
+41215608823
+41215608824
+41215608825
+41215608826
+41215608827
+41215608828
+41215608829
+41215608830
+41215608831
+41215608832
+41215608833
+41215608834
+41215608835
+41215608836
+41215608837
+41215608838
+41215608839
+41215608840
+41215608841
+41215608842
+41215608843
+41215608844
+41215608845
+41215608846
+41215608847
+41215608848
+41215608849
+41215608850
+41215608851
+41215608852
+41215608853
+41215608854
+41215608855
+41215608856
+41215608857
+41215608858
+41215608859
+41215608860
+41215608861
+41215608862
+41215608863
+41215608864
+41215608865
+41215608866
+41215608867
+41215608868
+41215608869
+41215608870
+41215608871
+41215608872
+41215608873
+41215608874
+41215608875
+41215608876
+41215608877
+41215608878
+41215608879
+41215608900
+41215608901
+41215608902
+41215608903
+41215608904
+41215608905
+41215608906
+41215608907
+41215608908
+41215608909
+41215608910
+41215608911
+41215608912
+41215608913
+41215608914
+41215608915
+41215608916
+41215608917
+41215608918
+41215608919
+41215608921
+41215608922
+41215608923
+41215608924
+41215608925
+41215608926
+41215608927
+41215608928
+41215608929
+41215608930
+41215608931
+41215608932
+41215608933
+41215608934
+41215608935
+41215608936
+41215608937
+41215608938
+41215608939
+41215608940
+41215608941
+41215608942
+41215608943
+41215608944
+41215608945
+41215608946
+41215608947
+41215608948
+41215608949
+41215608970
+41215608971
+41215608972
+41215608973
+41215608974
+41215608975
+41215608976
+41215608977
+41215608978
+41215608979
+41215609960
+41215609961
+41215609962
+41215609963
+41215609965
+41215609966
+41215609967
+41215609968
+41215609969
+41215609970
+41215609971
+41215611401
+41215611568
+41215613375
+41215613376
+41215613390
+41215613473
+41215613728
+41215613732
+41215615195
+41215615196
+41215615200
+41215615429
+41215615488
+41215615592
+41215655248
+41215661238
+41215661665
+41215665567
+41215665987
+41215668623
+41215750089
+41215751009
+41215751050
+41215751076
+41215751077
+41215751078
+41215751092
+41215751107
+41215751109
+41215751113
+41215751114
+41215751116
+41215751117
+41215751129
+41215751155
+41215751162
+41215751195
+41215751196
+41215751215
+41215751216
+41215751217
+41215751218
+41215751219
+41215751220
+41215751223
+41215751224
+41215751225
+41215751226
+41215751230
+41215751282
+41215751307
+41215751518
+41215776856
+41215880080
+41215880160
+41215880161
+41215880313
+41215880383
+41215880384
+41215880389
+41215880390
+41215880497
+41215880566
+41215880613
+41215880650
+41215880726
+41215881104
+41215881112
+41215881125
+41215881132
+41215881137
+41215881142
+41215881143
+41215881229
+41215881602
+41215881615
+41215881617
+41215881618
+41215895102
+41215895619
+41215896160
+41215896161
+41215896162
+41215896163
+41215896164
+41215896165
+41215896167
+41215896168
+41215896169
+41215896170
+41215896171
+41215896172
+41215896173
+41215896174
+41215896175
+41215896176
+41215896178
+41215896179
+41215896298
+41215896299
+41215896454
+41215896754
+41215896756
+41215896763
+41215896795
+41216010604
+41216010826
+41216013450
+41216242233
+41216337045
+41216343057
+41216355745
+41216376359
+41216465194
+41217009418
+41217009611
+41217009613
+41217009614
+41217009615
+41217009811
+41217009813
+41217009815
+41217009817
+41217009818
+41217534281
+41218000413
+41218000834
+41218001112
+41218001813
+41218002013
+41218002113
+41218002413
+41218062637
+41218213914
+41218213936
+41218213987
+41219000032
+41219000071
+41219000093
+41219000230
+41219000430
+41222841590
+41223000671
+41223000802
+41223002901
+41223004432
+41223004549
+41223013751
+41223200416
+41223201423
+41223204436
+41223221340
+41223415018
+41223418624
+41223544510
+41223550059
+41223550076
+41223550215
+41223550217
+41223550266
+41223550375
+41223550425
+41223550426
+41224246233
+41224368302
+41225013139
+41225017139
+41225017180
+41225017305
+41225017673
+41225050473
+41225052852
+41225053410
+41225053411
+41225053415
+41225053417
+41225053419
+41225053695
+41225056302
+41225056314
+41225056323
+41225056382
+41225064700
+41225064733
+41225064790
+41225068324
+41225068424
+41225068731
+41225068749
+41225068751
+41225083106
+41225083109
+41225083113
+41225083117
+41225083287
+41225083337
+41225083369
+41225087089
+41225087091
+41225087092
+41225087093
+41225087095
+41225087096
+41225087097
+41225087098
+41225087100
+41225087102
+41225100751
+41225100755
+41225100783
+41225126053
+41225126180
+41225126181
+41225126185
+41225126196
+41225180186
+41225180200
+41225180517
+41225185848
+41225188874
+41225196655
+41225197343
+41225197492
+41225197517
+41225197590
+41225201400
+41225201612
+41225201656
+41225201666
+41225201667
+41225201684
+41225204700
+41225204701
+41225204702
+41225204703
+41225204704
+41225204705
+41225204706
+41225204707
+41225204708
+41225204716
+41225310090
+41225310540
+41225310541
+41225310542
+41225310543
+41225310544
+41225310545
+41225310546
+41225310547
+41225310548
+41225310549
+41225349102
+41225391224
+41225425974
+41225441078
+41225458100
+41225458101
+41225510425
+41225510427
+41225512105
+41225521262
+41225521852
+41225550024
+41225552630
+41225552631
+41225552637
+41225552639
+41225558870
+41225578170
+41225590400
+41225590402
+41225590403
+41225590404
+41225590409
+41225590411
+41225590413
+41225590419
+41225590429
+41225590432
+41225590433
+41225590439
+41225590440
+41225590451
+41225590466
+41225590469
+41225590482
+41225590487
+41225590488
+41225590490
+41225590495
+41225590499
+41225590821
+41225590822
+41225590823
+41225590824
+41225590825
+41225591101
+41225591111
+41225591130
+41225591133
+41225591160
+41225591163
+41225591180
+41225591182
+41225591186
+41225591189
+41225591192
+41225591193
+41225591256
+41225591271
+41225592960
+41225592972
+41225592983
+41225592997
+41225610079
+41225623210
+41225623211
+41225623212
+41225623213
+41225623214
+41225623215
+41225623216
+41225623217
+41225623218
+41225623219
+41225665433
+41225665438
+41225665763
+41225669234
+41225669236
+41225675893
+41225698543
+41225752808
+41225775303
+41225775304
+41225775307
+41225775633
+41225776367
+41225895276
+41225895364
+41225895636
+41225895642
+41225895808
+41225895860
+41225896128
+41225896133
+41225896138
+41225896160
+41225896161
+41225896162
+41225896165
+41225896167
+41225896168
+41225896169
+41225896762
+41225896834
