+41212130911
+41213111285
+41213112704
+41213119757
+41213175602
+41213175619
+41213210594
+41213312872
+41213312875
+41213500000
+41213568544
+41213568611
+41213568622
+41213568641
+41213568650
+41215031660
+41215031678
+41215032033
+41215032044
+41215032045
+41215032048
+41215032049
+41215050162
+41215080178
+41215087760
+41215087764
+41215087765
+41215102423
+41215102424
+41215124024
+41215124236
+41215124820
+41215124827
+41215137706
+41215201352
+41215201373
+41215201490
+41215201491
+41215201629
+41215201630
+41215201640
+41215201641
+41215201644
+41215201649
+41215201670
+41215201696
+41215209621
+41215307077
+41215391259
+41215391336
+41215441035
+41215441039
+41215443510
+41215443515
+41215444999
+41215458241
+41215459841
+41215467223
+41215520062
+41215520432
+41215522713
+41215523007
+41215523028
+41215523029
+41215523052
+41215523054
+41215523074
+41215523323
+41215523349
+41215526137
+41215526484
+41215526486
+41215526494
+41215526587
+41215526589
+41215526592
+41215526718
+41215527760
+41215527762
+41215531125
+41215531140
+41215531148
+41215531181
+41215552780
+41215552781
+41215552783
+41215556051
+41215557121
+41215557126
+41215557160
+41215557180
+41215557182
+41215557196
+41215561183
+41215561311
+41215611401
+41215611568
+41215613375
+41215613376
+41215613390
+41215613473
+41215613728
+41215613732
+41215615195
+41215615196
+41215615200
+41215615429
+41215615488
+41215615592
+41215655248
+41215661238
+41215661665
+41215665567
+41215665987
+41215668623
+41215750089
+41215776856
+41215895102
+41215895619
+41216010604
+41216010826
+41216013450
+41216242233
+41216337045
+41216343057
+41216355745
+41216376359
+41216465194
+41217009418
+41217009611
+41217009613
+41217009614
+41217009615
+41217009811
+41217009813
+41217009815
+41217009817
+41217009818
+41217534281
+41218000413
+41218000834
+41218001112
+41218001813
+41218002013
+41218002113
+41218002413
+41218062637
+41218213914
+41218213936
+41218213987
+41219000032
+41219000071
+41219000093
+41219000230
+41219000430
+41222841590
+41223000671
+41223000802
+41223002901
+41223004432
+41223004549
+41223013751
+41223200416
+41223201423
+41223204436
+41223221340
+41223415018
+41223418624
+41223544510
+41223550059
+41223550076
+41223550215
+41223550217
+41223550266
+41223550375
+41223550425
+41223550426
+41224246233
+41224368302
+41225013139
+41225017139
+41225017180
+41225017305
+41225017673
+41225050473
+41225052852
+41225053410
+41225053411
+41225053415
+41225053417
+41225053419
+41225053695
+41225056302
+41225056314
+41225056323
+41225056382
+41225064700
+41225064733
+41225064790
+41225068324
+41225068424
+41225068731
+41225068749
+41225068751
+41225083106
+41225083109
+41225083113
+41225083117
+41225083287
+41225083337
+41225083369
+41225087089
+41225087091
+41225087092
+41225087093
+41225087095
+41225087096
+41225087097
+41225087098
+41225087100
+41225087102
+41225100750
+41225100751
+41225100755
+41225100759
+41225100783
+41225126053
+41225126180
+41225126181
+41225126185
+41225126196
+41225180186
+41225180200
+41225180517
+41225185848
+41225188874
+41225196655
+41225197343
+41225197492
+41225197517
+41225201400
+41225201612
+41225201656
+41225201666
+41225201667
+41225201684
+41225349102
+41225391224
+41225425974
+41225441078
+41225458100
+41225458101
+41225510425
+41225510427
+41225512105
+41225521262
+41225521852
+41225550024
+41225552630
+41225552631
+41225552637
+41225552639
+41225558870
+41225578170
+41225590821
+41225590822
+41225590823
+41225590824
+41225590825
+41225591256
+41225591271
+41225592960
+41225592972
+41225592983
+41225592997
+41225610079
+41225665433
+41225665438
+41225665763
+41225669234
+41225669236
+41225675893
+41225698543
+41225752808
+41225758860
+41225775303
+41225775304
+41225775307
+41225775633
+41225776367
+41225895276
+41225895364
+41225895636
+41225895642
+41225895808
+41225895860
+41225896128
+41225896133
+41225896138
+41225896160
+41225896161
+41225896162
+41225896165
+41225896167
